LSTM
[Epoch, Train accuracy, Train loss, Validation accuracy, Validation loss]
[0, 0.5233908333333334, 1.0777978636943053, 0.58679, 0.9500497691408794]
[1, 0.6081504166666667, 0.9031744921753555, 0.60838, 0.9021204382705689]
[2, 0.6297070833333334, 0.8576662131771694, 0.6127383333333334, 0.8946176122792562]
[3, 0.6479375, 0.8219297299153357, 0.6108733333333334, 0.9040241118176778]
[4, 0.6674270833333333, 0.7849151733021935, 0.6071916666666667, 0.9257667668215434]
[5, 0.6882095833333334, 0.7449404586391648, 0.599425, 0.9547647198931376]
[6, 0.7080933333333334, 0.7036433439627786, 0.594865, 0.9917090605926514]
[7, 0.7261783333333334, 0.6639959014888108, 0.5874033333333334, 1.0679964981714885]
[8, 0.7418620833333334, 0.6280252108944953, 0.5809216666666667, 1.1317370504252116]
[9, 0.7543795833333333, 0.5977579552335789, 0.580485, 1.1695357700475058]
[10, 0.76460375, 0.572842667754069, 0.5772366666666666, 1.214626974360148]
[11, 0.7732754166666667, 0.5517463766772797, 0.5724066666666666, 1.2815438151168823]
[12, 0.78038125, 0.5335428715792795, 0.57152, 1.3215525300216675]
[13, 0.7861179166666666, 0.5194357297186801, 0.569575, 1.3681147762171428]
[14, 0.7918233333333333, 0.5060278383691609, 0.5673433333333333, 1.4121112408192953]
[15, 0.7963658333333333, 0.49555835080839694, 0.567085, 1.437229066136678]
[16, 0.8002825, 0.4856719354732707, 0.5629716666666666, 1.4529701094563803]
[17, 0.80403625, 0.47634154746008417, 0.5646866666666667, 1.5051512781397502]
[18, 0.8067445833333333, 0.46954586562710504, 0.56259, 1.5256171895345052]
[19, 0.8103554166666667, 0.46146868415666126, 0.5614, 1.5612074756622314]
[20, 0.8121991666666667, 0.45654497219078244, 0.560985, 1.5924348978551228]
[21, 0.8148008333333333, 0.4498693829576547, 0.5585116666666666, 1.5883266516367593]
[22, 0.8170816666666667, 0.4443446845416725, 0.5576833333333333, 1.6130674745814007]
[23, 0.8197441666666667, 0.43845546939287333, 0.5571633333333333, 1.6468586651102701]
[24, 0.82161375, 0.4339153069359809, 0.55817, 1.6527422588348388]
[25, 0.8233966666666667, 0.43005180672258136, 0.5558933333333334, 1.716646583442688]
[26, 0.8251370833333334, 0.42572027793136735, 0.5554866666666667, 1.7264089303080241]
[27, 0.8266825, 0.42164945190864306, 0.55481, 1.695661772588094]
[28, 0.8276141666666667, 0.4191470815678313, 0.5557016666666666, 1.7222924664815267]
[29, 0.8297066666666667, 0.4150056531106805, 0.5525433333333334, 1.7682191826375326]
[30, 0.83081125, 0.4123031252152597, 0.552105, 1.7287307242075602]
[31, 0.83172625, 0.40971544324874876, 0.55365, 1.7650038365427654]
[32, 0.8337545833333333, 0.4058339217787112, 0.552175, 1.7625215747451781]
[33, 0.834645, 0.40347132080014797, 0.5516483333333333, 1.7989834700775147]
[34, 0.8357016666666667, 0.4007347816932698, 0.5524, 1.816432089246114]
[35, 0.8362670833333333, 0.39907620546899736, 0.550585, 1.834859281730652]
[36, 0.8377108333333333, 0.39613053500620027, 0.5497066666666667, 1.8353533012771606]
[37, 0.838275, 0.3942664606134842, 0.5498083333333333, 1.8195375069936117]
[38, 0.8399816666666666, 0.3907403533376257, 0.5491183333333334, 1.8573201363881429]
[39, 0.8407816666666666, 0.38852529507355144, 0.5479866666666666, 1.8538922615941364]
[40, 0.8416270833333334, 0.3866900670290366, 0.54968, 1.9262236858749389]
[41, 0.8417908333333334, 0.38657724512809266, 0.5487166666666666, 1.8970055064137776]
[42, 0.8429358333333333, 0.3833691617382939, 0.5485266666666667, 1.8695744354120891]
[43, 0.8432470833333333, 0.38240778229409206, 0.5481683333333334, 1.9020145851516723]
[44, 0.844915, 0.3785379236321027, 0.5475516666666667, 1.9175014631017049]
[45, 0.8454458333333333, 0.37732866959646344, 0.5479283333333334, 1.9261681932449342]
[46, 0.84588375, 0.37640274550346037, 0.5462983333333333, 1.9110188188934327]
[47, 0.8464025, 0.3752786371666193, 0.546485, 1.9952625205230712]
[48, 0.8470304166666667, 0.3736318619622166, 0.5468516666666666, 1.933557201423645]
[49, 0.8480529166666667, 0.3720258794320996, 0.54774, 1.919999094365438]
RNN
[Epoch, Train accuracy, Train loss, Validation accuracy, Validation loss]
[0, 0.28541083333333334, 1.5312222681417564, 0.3019516666666667, 1.4741268614323935]
[1, 0.30182041666666665, 1.5040065048692126, 0.29356333333333334, 1.5144632978693644]
[2, 0.3189108333333333, 1.4700628671364984, 0.30403833333333335, 1.5046815768178303]
[3, 0.31756, 1.4732047890876234, 0.30828833333333333, 1.4806545746485393]
[4, 0.3266291666666667, 1.4560963939510783, 0.33042166666666667, 1.4548499380874633]
[5, 0.31927125, 1.4724077829033633, 0.31321666666666664, 1.4868894131088257]
[6, 0.3150179166666667, 1.4750838249808549, 0.30698, 1.480904774500529]
[7, 0.32488041666666667, 1.4570320264968275, 0.328935, 1.4595700242869059]
[8, 0.3341045833333333, 1.44238435689797, 0.31513833333333335, 1.4745409590657552]
[9, 0.33199, 1.4521899358844261, 0.269485, 1.5503506529871622]
[10, 0.2932895833333333, 1.5124086003316441, 0.30477, 1.5032043613942465]
[11, 0.33071833333333334, 1.4585001157784463, 0.31116666666666665, 1.4964453035227459]
[12, 0.29137083333333336, 1.5172119851469497, 0.27395, 1.5428280372873941]
[13, 0.28527166666666665, 1.5260268498748044, 0.276335, 1.5390570985794068]
[14, 0.2890875, 1.5203163425766428, 0.27437333333333336, 1.542457041714986]
[15, 0.28932458333333333, 1.5188909051213662, 0.281525, 1.533090230662028]
[16, 0.29675208333333336, 1.5092362356222668, 0.28335166666666667, 1.5313389908091226]
[17, 0.30169083333333335, 1.502661287899067, 0.2849966666666667, 1.5297668887456257]
[18, 0.3048575, 1.4989315194833774, 0.29219333333333336, 1.5204064930216472]
[19, 0.3138154166666667, 1.4865832783952355, 0.2968016666666667, 1.5143633988189698]
[20, 0.3223083333333333, 1.4738158831734955, 0.307405, 1.5025211581293743]
[21, 0.3231629166666667, 1.4717404209792615, 0.31263, 1.4926862661997478]
[22, 0.33785875, 1.4454686030484736, 0.32947666666666664, 1.4580334708786011]
[23, 0.35301666666666665, 1.4090953079089523, 0.34328, 1.4352694183731078]
[24, 0.3564333333333333, 1.4042312165288626, 0.34484166666666666, 1.4256042300160725]
[25, 0.35523166666666667, 1.399808239790698, 0.332635, 1.446643074684143]
[26, 0.3158608333333333, 1.482233290670365, 0.29106333333333334, 1.5260850329844158]
[27, 0.30326166666666665, 1.504543957951963, 0.2871516666666667, 1.5301767998886109]
[28, 0.3041175, 1.503441438636581, 0.2882616666666667, 1.527924708404541]
[29, 0.30523375, 1.5021059753508865, 0.28916, 1.5269507083765665]
[30, 0.30649666666666664, 1.5007914974803727, 0.2892733333333333, 1.5292142582448323]
[31, 0.3086758333333333, 1.4981395276129743, 0.291805, 1.5266258185195922]
[32, 0.31335166666666664, 1.4924679901989302, 0.29895333333333335, 1.5175808941396078]
[33, 0.3198708333333333, 1.4819999961360295, 0.30074666666666666, 1.514977877667745]
[34, 0.322155, 1.4760636975877484, 0.30234, 1.5105800253041586]
[35, 0.32131375, 1.47511997363319, 0.298805, 1.5139801729329427]
[36, 0.31893083333333333, 1.481132610079348, 0.29375, 1.522502710316976]
[37, 0.30952166666666664, 1.4957454265162349, 0.29543, 1.520322677675883]
[38, 0.31779, 1.4822190068470438, 0.30297, 1.5110772584406535]
[39, 0.32145875, 1.477160444539388, 0.30218833333333334, 1.5101253620529176]
[40, 0.3150029166666667, 1.4897931895284355, 0.2965466666666667, 1.5219612098821005]
[41, 0.3170516666666667, 1.4860064423349002, 0.30043166666666665, 1.51374153620402]
[42, 0.3174383333333333, 1.487084893563787, 0.29850666666666664, 1.5208776429494222]
[43, 0.3163679166666667, 1.4882608352085451, 0.29869833333333334, 1.5165220658747356]
[44, 0.316225, 1.4824555193602542, 0.29923833333333333, 1.514926854133606]
[45, 0.31918416666666666, 1.478166499577562, 0.2991333333333333, 1.515329853630066]
[46, 0.32098958333333333, 1.4759848360815644, 0.29972, 1.516758279469808]
[47, 0.32224458333333333, 1.4746099380063513, 0.3006566666666667, 1.515840763244629]
[48, 0.3204075, 1.4797649963840345, 0.30061, 1.5181100715382894]
[49, 0.3224375, 1.4765445483175914, 0.3031683333333333, 1.5133139784495035]
BoW
[Epoch, Train accuracy, Train loss, Validation accuracy, Validation loss]
[0, 0.4394033333333333, 1.3015648816660046, 0.4951816666666667, 1.1852200479507446]
[1, 0.50058375, 1.1712798598794143, 0.5080816666666667, 1.1542083647791546]
[2, 0.5150054166666667, 1.140607882338663, 0.525065, 1.119406057065328]
[3, 0.5226845833333333, 1.124365608791113, 0.51258, 1.1461563697560628]
[4, 0.52772625, 1.1131366939900815, 0.529075, 1.1119820191574097]
[5, 0.5307758333333333, 1.1062157730387647, 0.5347983333333334, 1.0979062483596802]
[6, 0.5342645833333334, 1.0994464331021905, 0.53033, 1.1098980810928345]
[7, 0.536105, 1.0950411781432232, 0.5390333333333334, 1.0911551079559325]
[8, 0.53766875, 1.0921602756895126, 0.540345, 1.0870413719558716]
[9, 0.53945625, 1.088034366559883, 0.5378266666666667, 1.0893947816721599]
[10, 0.5412329166666666, 1.0848251515397926, 0.535835, 1.097298512357076]
[11, 0.5417283333333334, 1.0830894288316368, 0.5437683333333333, 1.079461800816854]
[12, 0.5435666666666666, 1.0787340688339373, 0.5354383333333333, 1.0967383918889364]
[13, 0.5433816666666667, 1.0798924232642353, 0.5434583333333334, 1.0786734536616007]
[14, 0.5442970833333334, 1.0774132253321012, 0.5441433333333333, 1.0768454288609823]
[15, 0.5450958333333333, 1.0755015199787419, 0.5425733333333334, 1.0801882438405355]
[16, 0.54637125, 1.0733219785058499, 0.5396716666666667, 1.0866103002802532]
[17, 0.5463208333333334, 1.0734468720211088, 0.543065, 1.076208966255188]
[18, 0.5478258333333333, 1.0702169834640125, 0.5420233333333333, 1.0796464236323038]
[19, 0.547615, 1.0704396212851504, 0.543545, 1.0756023357009887]
[20, 0.5481941666666666, 1.0694402205198505, 0.5472933333333333, 1.0718444966634115]
[21, 0.5489870833333333, 1.067259924281786, 0.54777, 1.069758451093038]
[22, 0.5496295833333333, 1.0660783025371035, 0.5438633333333334, 1.0758880159505209]
[23, 0.5494691666666667, 1.066114066198667, 0.5437433333333334, 1.0797402463150025]
[24, 0.5499041666666666, 1.0654832369272411, 0.5408, 1.0860652890523275]
[25, 0.5506166666666666, 1.0637667568386098, 0.5477666666666666, 1.069887545483907]
[26, 0.55041375, 1.0639297081504266, 0.5474416666666667, 1.0695654052352905]
[27, 0.5509154166666667, 1.0629704209639628, 0.5436466666666666, 1.0781737837727865]
[28, 0.551855, 1.0612043695111573, 0.549035, 1.0670365643437703]
[29, 0.55145125, 1.0619208589068552, 0.5369916666666666, 1.095748235575358]
[30, 0.55224375, 1.0602602408804, 0.547265, 1.0710404437764485]
[31, 0.5522454166666667, 1.0602411771378417, 0.5366333333333333, 1.0970221348953246]
[32, 0.5529558333333333, 1.058784728540927, 0.5464383333333334, 1.0741830414454143]
[33, 0.55223375, 1.0601634756563107, 0.5476083333333334, 1.070711395365397]
[34, 0.5538158333333333, 1.057312651319802, 0.5445216666666667, 1.0757836014684041]
[35, 0.553805, 1.0567367071420948, 0.5403983333333333, 1.0864902819188436]
[36, 0.5535075, 1.0577818171432614, 0.545775, 1.075228323949178]
[37, 0.5537591666666667, 1.0569428139555952, 0.5453733333333334, 1.0756048823420206]
[38, 0.5545566666666667, 1.0559482021009425, 0.536355, 1.0954690166091918]
[39, 0.5541508333333334, 1.0558956683653593, 0.5394, 1.089790060412089]
[40, 0.5549933333333333, 1.0544934021148582, 0.5441433333333333, 1.0769513814163207]
[41, 0.5553166666666667, 1.054206644874662, 0.5491633333333333, 1.0678340202967327]
[42, 0.5547329166666667, 1.0551741971297066, 0.548555, 1.0685394149398804]
[43, 0.5549629166666666, 1.0543413705095648, 0.5455083333333334, 1.0702798293177287]
[44, 0.5559808333333334, 1.05234403898562, 0.54949, 1.0651836006673177]
[45, 0.5557445833333333, 1.0524395248604317, 0.5469233333333333, 1.0717092683919272]
[46, 0.5561541666666666, 1.0517887114197015, 0.55121, 1.0640066085179647]
[47, 0.5556754166666666, 1.0523649119781455, 0.5496983333333333, 1.0667189306767781]
[48, 0.5558820833333333, 1.0520797215872506, 0.5474, 1.0699629220962525]
[49, 0.5563341666666667, 1.051444630200118, 0.548055, 1.0677951968892416]
BoW
[Epoch, Train accuracy, Train loss, Validation accuracy, Validation loss]
[0, 0.43940375, 1.301564880648752, 0.4951816666666667, 1.1852200446955363]
[1, 0.50058375, 1.1712798586332798, 0.5080816666666667, 1.1542083623377482]
[2, 0.5150066666666666, 1.140607885492146, 0.525065, 1.1194060367202758]
LSTM
[Epoch, Train accuracy, Train loss, Validation accuracy, Validation loss]
[0, 0.5233908333333334, 1.0777978636943053, 0.58679, 0.9500497691408794]
[1, 0.6081504166666667, 0.9031744921753555, 0.60838, 0.9021204382705689]
[2, 0.6297070833333334, 0.8576662131771694, 0.6127383333333334, 0.8946176122792562]
RNN
[Epoch, Train accuracy, Train loss, Validation accuracy, Validation loss]
[0, 0.28541083333333334, 1.5312222681417564, 0.3019516666666667, 1.4741268614323935]
[1, 0.30182041666666665, 1.5040065048692126, 0.29356333333333334, 1.5144632978693644]
[2, 0.3189108333333333, 1.4700628671364984, 0.30403833333333335, 1.5046815768178303]
[Epoch, Train accuracy, Train loss, Validation accuracy, Validation loss]
[Epoch, Train accuracy, Train loss, Validation accuracy, Validation loss]
[Epoch, Train accuracy, Train loss, Validation accuracy, Validation loss]
[Epoch, Train accuracy, Train loss, Validation accuracy, Validation loss]
[0, 0.5131216666666667, 1.0957659648014109, 0.5837883333333334, 0.9551261577033997]
[0, 0.43940958333333335, 1.3015487559084098, 0.49518833333333334, 1.185261569073995]
[0, 0.2837254166666667, 1.5329488162926337, 0.327415, 1.4644345592371624]
[1, 0.6042679166666667, 0.9117696265405665, 0.6040633333333333, 0.9111137466812134]
[1, 0.5005754166666667, 1.1712710784258942, 0.5078666666666667, 1.154964963607788]
[1, 0.3318829166666667, 1.445530680487752, 0.36705666666666664, 1.3821927676518757]
[2, 0.5150395833333333, 1.140596781973044, 0.5250116666666667, 1.1197182530593872]
[2, 0.6265979166666666, 0.8651645038688183, 0.60953, 0.9017788946787516]
[2, 0.3320808333333333, 1.44627918682908, 0.33085333333333333, 1.4581249886703491]
